plik	det	theta		t0		L0		L1
1	1	0	-4.2508	11.055	-2.4594
2	2	0	0	11.055	2.38
3	3	130.4653	-0.4157	11.005	0.6708
4	4	131.9319	-0.5338	11.005	0.6545
5	5	133.0559	-0.3362	11.005	0.6345
6	6	132.8031	-0.5143	11.005	0.6483
7	7	132.2975	-0.4171	11.005	0.6456
8	8	130.8983	-0.3913	11.005	0.664
9	9	132.6654	-0.4922	11.005	0.6463
10	10	134.3861	-0.2895	11.005	0.6168
11	11	134.886	-0.3636	11.005	0.6137
12	12	134.7466	-0.1396	11.005	0.6096
13	13	133.3386	-0.2883	11.005	0.6312
14	14	134.5416	-0.2448	11.005	0.6171
15	15	136.0883	-0.215	11.005	0.5971
16	16	136.7666	-0.2535	11.005	0.5938
17	17	136.2182	-0.4243	11.005	0.604
18	18	134.9765	-0.349	11.005	0.6155
19	19	136.0465	-0.4401	11.005	0.6072
20	20	137.6164	-0.5177	11.005	0.5946
21	21	138.3788	-0.4556	11.005	0.5852
22	22	137.7385	-0.4583	11.005	0.5937
23	23	138.8711	-0.4111	11.005	0.5806
24	24	140.3799	-0.3492	11.005	0.5676
25	25	140.5553	-0.2597	11.005	0.5637
26	26	139.3282	-0.3506	11.005	0.5763
27	27	140.8244	-0.365	11.005	0.5641
28	28	142.3678	-0.3501	11.005	0.5504
29	29	142.3036	-0.4942	11.005	0.555
30	30	141.2675	-0.3882	11.005	0.5614
31	31	143.4886	-0.3519	11.005	0.5435
32	32	145.1079	-0.2382	11.005	0.5304
33	33	144.1559	-0.3992	11.005	0.5394
34	34	146.115	-0.357	11.005	0.5265
35	35	147.3518	-0.2589	11.005	0.516
36	36	146.3558	-0.405	11.005	0.5289
37	37	148.2274	-0.4024	11.005	0.5165
38	38	149.7039	-0.3803	11.005	0.5065
39	39	148.6022	-0.4819	11.005	0.5176
40	40	151.9331	-0.3534	11.005	0.4962
41	41	151.8561	-0.4475	11.005	0.5016
42	42	154.6456	-0.2812	11.005	0.4822
43	43	154.6228	-0.3985	11.005	0.4862
44	44	160.2408	-0.4253	11.005	0.4697
45	45	157.5238	-0.4026	11.005	0.4755
46	46	162.8193	-0.4783	11.005	0.4653
47	47	130.7913	-0.4312	11.005	0.6684
48	48	132.1953	-0.4633	11.005	0.6483
49	49	133.1676	-0.3189	11.005	0.629
50	50	133.047	-0.2729	11.005	0.6309
51	51	131.9988	-0.425	11.005	0.6504
52	52	130.6221	-0.384	11.005	0.6626
53	53	132.9094	-0.4945	11.005	0.643
54	54	134.299	-0.4117	11.005	0.6245
55	55	136.1018	-0.4116	11.005	0.64
56	56	134.4066	-0.3323	11.005	0.6155
57	57	132.9176	-0.3318	11.005	0.635
58	58	134.5918	-0.4648	11.005	0.6221
59	59	135.9545	-0.5558	11.005	0.6125
60	60	136.7961	-0.2544	11.005	0.5914
61	61	136.0479	-0.3665	11.005	0.6026
62	62	134.4971	-0.3262	11.005	0.6172
63	63	136.3335	-0.4231	11.005	0.6035
64	64	138.0707	-0.3685	11.005	0.5831
65	65	138.5783	-0.3976	11.005	0.5796
66	66	137.9503	-0.3004	11.005	0.5822
67	67	139.0649	-0.5081	11.005	0.5824
68	68	140.2854	-0.5126	11.005	0.5706
69	69	140.263	-0.465	11.005	0.5703
70	70	139.084	-0.4322	11.005	0.5766
71	71	140.9969	-0.4634	11.005	0.5643
72	72	142.5128	-0.429	11.005	0.5505
73	73	142.4771	-0.3961	11.005	0.5494
74	74	141.0677	-0.3944	11.005	0.5605
75	75	144.1463	-0.404	11.005	0.5396
76	76	145.0525	-0.3988	11.005	0.5307
77	77	143.7382	-0.5346	11.005	0.5457
78	78	146.2201	-0.4688	11.005	0.5268
79	79	147.2452	-0.4711	11.005	0.5199
80	80	146.3028	-0.4652	11.005	0.5242
81	81	148.8087	-0.4765	11.005	0.5147
82	82	149.8588	-0.4177	11.005	0.5053
83	83	148.7868	-0.4212	11.005	0.5088
84	84	151.8824	-0.5311	11.005	0.5013
85	85	152.1329	-0.3597	11.005	0.4927
86	86	154.6746	-0.4207	11.005	0.4853
87	87	154.6213	-0.4639	11.005	0.4845
88	88	157.3336	-0.4513	11.005	0.4753
89	89	160.3445	-0.5154	11.005	0.4704
90	90	163.1337	-0.5037	11.005	0.4625
91	91	131.1181	-0.6592	11.005	0.6715
92	92	132.8146	-0.3637	11.005	0.6372
93	93	133.4597	-0.4432	11.005	0.6325
94	94	133.494	-0.3814	11.005	0.6287
95	95	132.3013	-0.5917	11.005	0.6497
96	96	130.6171	-0.6493	11.005	0.6747
97	97	133.5843	-0.4637	11.005	0.6313
98	98	134.9606	-0.38	11.005	0.6127
99	99	135.3062	-0.4797	11.005	0.6123
100	100	134.5591	-0.4859	11.005	0.6197
101	101	133.1196	-0.6038	11.005	0.6411
102	102	135.164	-0.5335	11.005	0.6181
103	103	136.5123	-0.492	11.005	0.6026
104	104	137.0405	-0.5296	11.005	0.5971
105	105	136.5642	-0.4027	11.005	0.5957
106	106	136.5642	-0.4027	11.005	0.5957
107	107	136.8409	-0.5283	11.005	0.6034
108	108	138.5623	-0.4716	11.005	0.5816
109	109	138.9499	-0.4751	11.005	0.5785
110	110	138.1429	-0.4709	11.005	0.5866
111	111	139.3434	-0.5241	11.005	0.5774
112	112	141.0604	-0.3655	11.005	0.5601
113	113	140.8066	-0.454	11.005	0.5642
114	114	139.3005	-0.4404	11.005	0.5752
115	115	141.6345	-0.4831	11.005	0.561
116	116	143.1426	-0.4549	11.005	0.5457
117	117	142.7471	-0.5454	11.005	0.5523
118	118	141.2301	-0.5102	11.005	0.5636
119	119	143.3659	-3.406	11.005	0.7445
120	120	145.4217	-0.4245	11.005	0.5296
121	121	144.2781	-0.441	11.005	0.5389
122	122	146.7222	-0.5599	11.005	0.5271
123	123	147.6977	-0.4809	11.005	0.5203
124	124	146.546	-0.4206	11.005	0.5244
125	125	149.0598	-0.5659	11.005	0.5187
126	126	150.2892	-0.4205	11.005	0.5046
127	127	148.8387	-0.4926	11.005	0.5154
128	128	152.6693	-0.4809	11.005	0.497
129	129	152.1131	-0.5363	11.005	0.501
130	130	155.0463	-0.521	11.005	0.488
131	131	154.7853	-0.4774	11.005	0.4868
132	132	157.351	-0.529	11.005	0.4809
133	133	160.8139	-0.5002	11.005	0.4684
134	134	163.517	-0.5026	11.005	0.4624
135	135	66.332	-0.32	11.005	0.543
136	136	63.8474	-0.32	11.005	0.5307
137	137	62.0942	-0.32	11.005	0.5278
138	138	60.9552	-0.32	11.005	0.5308
139	139	66.7646	-0.32	11.005	0.5417
140	140	64.321	-0.32	11.005	0.5283
141	141	62.3304	-0.32	11.005	0.5254
142	142	61.2031	-0.32	11.005	0.5307
143	143	56.6272	-0.32	11.005	0.7466
144	144	54.2106	-0.32	11.005	0.7442
145	145	52.2767	-0.32	11.005	0.7409
146	146	50.8703	-0.32	11.005	0.7473
147	147	56.7758	-0.32	11.005	0.756
148	148	54.3926	-0.32	11.005	0.7419
149	149	52.4319	-0.32	11.005	0.742
150	150	51.0905	-0.32	11.005	0.7438
151	151	51.6696	-0.32	11.005	0.543
152	152	46.9281	-0.32	11.005	0.5307
153	153	43.6647	-0.32	11.005	0.5254
154	154	41.1554	-0.32	11.005	0.5342
155	155	51.4488	-0.32	11.005	0.5406
156	156	47.0266	-0.32	11.005	0.5248
157	157	43.3172	-0.32	11.005	0.5255
158	158	41.2637	-0.32	11.005	0.5319
159	159	41.8674	-0.32	11.005	0.7453
160	160	37.7325	-0.32	11.005	0.7407
161	161	34.4132	-0.32	11.005	0.736
162	162	31.7974	-0.32	11.005	0.7415
163	163	42.3097	-0.32	11.005	0.7418
164	164	38.2301	-0.32	11.005	0.7382
165	165	35.107	-0.32	11.005	0.7337
166	166	32.4138	-0.32	11.005	0.7414
167	167	45.6418	-0.32	11.005	0.7442
168	168	42.1178	-0.32	11.005	0.7323
169	169	39.1284	-0.32	11.005	0.7301
170	170	36.8609	-0.32	11.005	0.739
171	171	45.8007	-0.32	11.005	0.7597
172	172	42.3557	-0.32	11.005	0.7382
173	173	39.3378	-0.32	11.005	0.7301
174	174	36.9662	-0.32	11.005	0.7425
175	175	54.8561	-0.32	11.005	0.5335
176	176	50.8792	-0.32	11.005	0.52
177	177	47.7616	-0.32	11.005	0.5183
178	178	45.8402	-0.32	11.005	0.5259
179	179	54.7613	-0.32	11.005	0.5382
180	180	51.0924	-0.32	11.005	0.5248
181	181	47.6883	-0.32	11.005	0.522
182	182	45.749	-0.32	11.005	0.5272
183	183	60.4131	-0.32	11.005	0.7525
184	184	58.4679	-0.32	11.005	0.7395
185	185	56.7783	-0.32	11.005	0.7396
186	186	55.6316	-0.32	11.005	0.7414
187	187	60.413	-0.32	11.005	0.7538
188	188	58.3787	-0.32	11.005	0.7466
189	189	56.8134	-0.32	11.005	0.742
190	190	55.5673	-0.32	11.005	0.7449
191	191	69.8017	-0.32	11.005	0.5405
192	192	67.7771	-0.32	11.005	0.5259
193	193	66.2768	-0.32	11.005	0.5219
194	194	65.3737	-0.32	11.005	0.5331
195	195	70.1605	-0.32	11.005	0.5513
196	196	68.135	-0.32	11.005	0.5367
197	197	66.5936	-0.32	11.005	0.5291
198	198	65.4426	-0.32	11.005	0.5355
